{
 "cells": [
  {
   "cell_type": "code",
   "execution_count": 120,
   "metadata": {},
   "outputs": [
    {
     "name": "stdout",
     "output_type": "stream",
     "text": [
      "행렬 A:\n",
      " [[ 1 -2  3  5]\n",
      " [ 2  2 -1  0]\n",
      " [ 3  0  1  2]\n",
      " [ 1  0  2  0]]\n",
      "\n",
      "A*2:\n",
      " [[ 2 -4  6 10]\n",
      " [ 4  4 -2  0]\n",
      " [ 6  0  2  4]\n",
      " [ 2  0  4  0]]\n",
      "\n",
      "행렬 A의 전치행렬:\n",
      " [[ 1  2  3  1]\n",
      " [-2  2  0  0]\n",
      " [ 3 -1  1  2]\n",
      " [ 5  0  2  0]]\n",
      "\n",
      "행렬 A의 역행렬:\n",
      " [[-0.23529412 -0.23529412  0.58823529 -0.05882353]\n",
      " [ 0.29411765  0.79411765 -0.73529412  0.32352941]\n",
      " [ 0.11764706  0.11764706 -0.29411765  0.52941176]\n",
      " [ 0.29411765  0.29411765 -0.23529412 -0.17647059]]\n"
     ]
    }
   ],
   "source": [
    "#lab2_1\n",
    "import numpy as np\n",
    "from numpy import linalg\n",
    "A =  np.array([[1,-2,3,5],[2,2,-1,0],[3,0,1,2,],[1,0,2,0]])\n",
    "print(\"행렬 A:\\n\",A)\n",
    "\n",
    "print(\"\\nA*2:\\n\",2*A)\n",
    "\n",
    "print(\"\\n행렬 A의 전치행렬:\\n\",A.T)\n",
    "\n",
    "#print(\"\\n행렬 A의 역행렬:\\n\",np.linalg.inv(A))\n",
    "print(\"\\n행렬 A의 역행렬:\\n\",linalg.inv(A))"
   ]
  },
  {
   "cell_type": "code",
   "execution_count": 122,
   "metadata": {},
   "outputs": [
    {
     "name": "stdout",
     "output_type": "stream",
     "text": [
      "행렬 B의 1차 norm:  10.5 \n",
      "\n",
      "행렬 B의 2차 norm:  5.632938842203065 \n",
      "\n",
      "행렬 B의 3차 norm:  4.716120891176797 \n",
      "\n",
      "행렬 B의 최대 norm:  4.0 \n",
      "\n"
     ]
    }
   ],
   "source": [
    "#lab2_5_1\n",
    "import numpy as np\n",
    "from math import *\n",
    "\n",
    "C = np.array([3,-4,-1.2,0,2.3])\n",
    "\n",
    "B = C.T\n",
    "\n",
    "def myNorm(Matrix,p):\n",
    "    temp_Matrix = np.abs(Matrix)\n",
    "    if p == 1:\n",
    "        return np.sum(temp_Matrix)\n",
    "    for i in range(p-1):\n",
    "        temp_Matrix = np.multiply(temp_Matrix,np.abs(Matrix))\n",
    "    return np.sum(temp_Matrix)**(1.0/p)\n",
    "\n",
    "print(\"행렬 B의 1차 norm: \",myNorm(B,1),\"\\n\")\n",
    "print(\"행렬 B의 2차 norm: \",myNorm(B,2),\"\\n\")\n",
    "print(\"행렬 B의 3차 norm: \",myNorm(B,3),\"\\n\")\n",
    "print(\"행렬 B의 최대 norm: \",max(abs(B)),\"\\n\")"
   ]
  },
  {
   "cell_type": "code",
   "execution_count": 126,
   "metadata": {
    "scrolled": true
   },
   "outputs": [
    {
     "name": "stdout",
     "output_type": "stream",
     "text": [
      "D의 프로베니우스 놈:\n",
      " 6.928203230275509\n"
     ]
    }
   ],
   "source": [
    "#lab2_5_2\n",
    "import numpy as np\n",
    "\n",
    "D = np.array([[2,1],[1,5],[4,1]])\n",
    "\n",
    "def Frobenius(a):\n",
    "    result = 0;\n",
    "    for row_list in a:\n",
    "        for i in range(len(row_list)):\n",
    "            result = result + (row_list[i]**2)       \n",
    "    return result**(1.0/2)\n",
    "\n",
    "print(\"D의 프로베니우스 놈:\\n\",Frobenius(D))"
   ]
  },
  {
   "cell_type": "code",
   "execution_count": 138,
   "metadata": {
    "scrolled": true
   },
   "outputs": [
    {
     "name": "stdout",
     "output_type": "stream",
     "text": [
      "(1)\n",
      "f(x) = g(x) =  2*(0.25*(-2*x + 1)**2 - 1)**3 - 3*(0.25*(-2*x + 1)**2 - 1)**2 - 3 \n",
      "\n",
      "f(x) = g(h(x)) =  2*h(x)**3 - 3*h(x)**2 - 3\n",
      "f'(x) = g'(h(x))*h'(x) = 6*(h(x) - 1)*h(x)*Derivative(h(x), x)\n",
      "h(x) =  0.25*(-2*x + 1)**2 - 1\n",
      "h'(x) =  2.0*x - 1.0 \n",
      "\n",
      "f(x) = g(h(i(x))) =  2*(0.25*i(x)**2 - 1)**3 - 3*(0.25*i(x)**2 - 1)**2 - 3\n",
      "f'(x) = g'(h(i(x)))*h'(i(x))*i'(x) = 6.0*(0.5*i(x) - 1.0)*(0.5*i(x) + 1.0)*(0.125*i(x)**2 - 1.0)*i(x)*Derivative(i(x), x)\n",
      "i(x) = -2*x + 1\n",
      "i'(x) = -2 \n",
      "\n",
      "(2)\n",
      "f'(x) = -3*(4.0*x - 2.0)*(0.25*(-2*x + 1)**2 - 1) + 2*(6.0*x - 3.0)*(0.25*(-2*x + 1)**2 - 1)**2 \n",
      "\n",
      "(3)\n",
      "f'(0) = -7.87500000000000\n",
      "f'(2.1) = 16.7731200000000\n"
     ]
    }
   ],
   "source": [
    "#lab2_12\n",
    "import sympy as sp\n",
    "\n",
    "x = sp.symbols('x')\n",
    "g, h, i = sp.symbols('g h i',cls=sp.Function)\n",
    "\n",
    "i = 1-2*x\n",
    "h = 1.0/4*(1-2*x)**2 - 1\n",
    "g = 2*(1.0/4*(1-2*x)**2 - 1)**3-3*(1.0/4*(1-2*x)**2 - 1)**2-3\n",
    "print(\"(1)\")\n",
    "print(\"f(x) = g(x) = \",g,\"\\n\")\n",
    "\n",
    "g1 = g.replace(\"1.0/4*(1-2*x)**2 - 1\",\"h(x)\")\n",
    "g1_ = sp.factor(sp.diff(g1,x))\n",
    "print(\"f(x) = g(h(x)) = \",g1,)\n",
    "print(\"f\\'(x) = g\\'(h(x))*h\\'(x) =\",g1_)\n",
    "print(\"h(x) = \",h)\n",
    "print (\"h\\'(x) = \",sp.diff(h,x),\"\\n\")\n",
    "\n",
    "g2 = g.replace(\"1-2*x\",\"i(x)\")\n",
    "g2_ = sp.factor(sp.diff(g2,x))\n",
    "print(\"f(x) = g(h(i(x))) = \",g2)\n",
    "print(\"f\\'(x) = g\\'(h(i(x)))*h\\'(i(x))*i\\'(x) =\",g2_)\n",
    "print(\"i(x) =\",i)\n",
    "print(\"i\\'(x) =\",sp.diff(i,x),\"\\n\")\n",
    "\n",
    "print(\"(2)\\nf\\'(x) =\",sp.diff(g,x),\"\\n\")\n",
    "print(\"(3)\")\n",
    "print(\"f\\'(0) =\",sp.diff(g).subs({x:0}))\n",
    "print(\"f\\'(2.1) =\",sp.diff(g).subs({x:2.1}))"
   ]
  }
 ],
 "metadata": {
  "kernelspec": {
   "display_name": "Python 3",
   "language": "python",
   "name": "python3"
  },
  "language_info": {
   "codemirror_mode": {
    "name": "ipython",
    "version": 3
   },
   "file_extension": ".py",
   "mimetype": "text/x-python",
   "name": "python",
   "nbconvert_exporter": "python",
   "pygments_lexer": "ipython3",
   "version": "3.7.1"
  }
 },
 "nbformat": 4,
 "nbformat_minor": 2
}
