{
 "cells": [
  {
   "cell_type": "code",
   "execution_count": 54,
   "metadata": {},
   "outputs": [
    {
     "name": "stdout",
     "output_type": "stream",
     "text": [
      "행렬 A:\n",
      " [[ 1 -2  3  5]\n",
      " [ 2  2 -1  0]\n",
      " [ 3  0  1  2]\n",
      " [ 1  0  2  0]]\n",
      "\n",
      "A*2:\n",
      " [[ 2 -4  6 10]\n",
      " [ 4  4 -2  0]\n",
      " [ 6  0  2  4]\n",
      " [ 2  0  4  0]]\n",
      "\n",
      "행렬 A의 전치행렬:\n",
      " [[ 1  2  3  1]\n",
      " [-2  2  0  0]\n",
      " [ 3 -1  1  2]\n",
      " [ 5  0  2  0]]\n",
      "\n",
      "행렬 A의 역행렬:\n",
      " [[-0.23529412 -0.23529412  0.58823529 -0.05882353]\n",
      " [ 0.29411765  0.79411765 -0.73529412  0.32352941]\n",
      " [ 0.11764706  0.11764706 -0.29411765  0.52941176]\n",
      " [ 0.29411765  0.29411765 -0.23529412 -0.17647059]]\n"
     ]
    }
   ],
   "source": [
    "#lab2_1\n",
    "import numpy as np\n",
    "from numpy import linalg\n",
    "A =  np.array([[1,-2,3,5],[2,2,-1,0],[3,0,1,2,],[1,0,2,0]])\n",
    "print(\"행렬 A:\\n\",A)\n",
    "\n",
    "print(\"\\nA*2:\\n\",2*A)\n",
    "\n",
    "print(\"\\n행렬 A의 전치행렬:\\n\",A.T)\n",
    "\n",
    "#print(\"\\n행렬 A의 역행렬:\\n\",np.linalg.inv(A))\n",
    "print(\"\\n행렬 A의 역행렬:\\n\",linalg.inv(A))"
   ]
  },
  {
   "cell_type": "code",
   "execution_count": 60,
   "metadata": {},
   "outputs": [
    {
     "name": "stdout",
     "output_type": "stream",
     "text": [
      "행렬 B의 1차 norm:  10.5 \n",
      "\n",
      "행렬 B의 2차 norm:  5.632938842203065 \n",
      "\n",
      "행렬 B의 3차 norm:  4.716120891176797 \n",
      "\n",
      "행렬 B의 최대 norm:  10.5 \n",
      "\n"
     ]
    }
   ],
   "source": [
    "#lab2_5\n",
    "import numpy as np\n",
    "from math import *\n",
    "\n",
    "B = ([3,-4,-1.2,0,2.3])\n",
    "\n",
    "def myNorm(Matrix,p):\n",
    "    temp_Matrix = np.abs(Matrix)\n",
    "    if p == 1:\n",
    "        return np.sum(temp_Matrix)\n",
    "    for i in range(p-1):\n",
    "        temp_Matrix = np.multiply(temp_Matrix,np.abs(Matrix))\n",
    "    return np.sum(temp_Matrix)**(1.0/p)\n",
    "\n",
    "print(\"행렬 B의 1차 norm: \",myNorm(B,1),\"\\n\")\n",
    "print(\"행렬 B의 2차 norm: \",myNorm(B,2),\"\\n\")\n",
    "print(\"행렬 B의 3차 norm: \",myNorm(B,3),\"\\n\")\n",
    "print(\"행렬 B의 최대 norm: \",max(myNorm(B,1),myNorm(B,2),myNorm(B,3)),\"\\n\")"
   ]
  },
  {
   "cell_type": "code",
   "execution_count": 65,
   "metadata": {},
   "outputs": [],
   "source": [
    "#lab2_12\n",
    "def f(x):\n",
    "    return 2*(1.0/4(1-2*x)**2-1)**3-3(1.0/4(1-2*x)**2-1)**2-3"
   ]
  }
 ],
 "metadata": {
  "kernelspec": {
   "display_name": "Python 3",
   "language": "python",
   "name": "python3"
  },
  "language_info": {
   "codemirror_mode": {
    "name": "ipython",
    "version": 3
   },
   "file_extension": ".py",
   "mimetype": "text/x-python",
   "name": "python",
   "nbconvert_exporter": "python",
   "pygments_lexer": "ipython3",
   "version": "3.7.1"
  }
 },
 "nbformat": 4,
 "nbformat_minor": 2
}
